pos/00141.jpg 1 853 374 44 45
pos/00142.jpg 1 815 454 23 21
pos/00144.jpg 1 707 444 22 23
pos/00146.jpg 1 710 426 21 22
pos/00147.jpg 1 745 417 44 38
pos/00148.jpg 1 865 354 84 67
pos/00149.jpg 1 1125 268 104 99
pos/00150.jpg 1 822 344 46 44
pos/00151.jpg 1 790 369 39 34
pos/00156.jpg 1 819 384 32 37
pos/00157.jpg 1 880 386 49 50
pos/00160.jpg 1 606 389 53 40
pos/00164.jpg 1 873 373 46 48
pos/00165.jpg 1 684 290 69 55
pos/00166.jpg 1 811 380 37 38
pos/00167.jpg 2 728 432 25 24 367 445 28 28
pos/00168.jpg 1 690 421 29 26
pos/00169.jpg 1 1079 148 141 133
pos/00170.jpg 1 909 320 38 41
pos/00171.jpg 1 878 334 59 51
pos/00172.jpg 1 715 417 24 21
pos/00173.jpg 1 1105 278 63 53
pos/00174.jpg 1 722 440 28 28
pos/00175.jpg 1 886 336 64 63
pos/00176.jpg 1 848 411 30 32
pos/00177.jpg 2 740 421 52 42 267 414 51 49
pos/00178.jpg 1 727 456 22 23
pos/00180.jpg 1 959 380 50 45
pos/00181.jpg 1 787 297 71 67
pos/00182.jpg 1 657 414 31 27
pos/00183.jpg 1 765 368 46 43
pos/00184.jpg 1 786 267 70 72
pos/00185.jpg 1 960 140 123 125
pos/00186.jpg 2 604 453 17 23 325 427 21 25
pos/00187.jpg 2 670 402 46 39 155 392 46 36
pos/00189.jpg 1 851 336 71 65
pos/00192.jpg 1 310 439 26 23
pos/00193.jpg 1 723 227 116 105
pos/00194.jpg 1 713 302 86 70
pos/00198.jpg 1 676 411 30 30
pos/00200.jpg 1 831 282 94 85
pos/00202.jpg 1 655 317 52 53
pos/00203.jpg 1 758 374 29 29
pos/00204.jpg 1 853 151 101 93
pos/00214.jpg 1 1182 128 123 115
pos/00216.jpg 2 885 444 32 31 311 440 32 28
pos/00217.jpg 1 966 262 71 66
pos/00220.jpg 1 1125 284 50 43
pos/00222.jpg 1 980 354 50 35
pos/00223.jpg 1 808 332 61 45
pos/00224.jpg 1 917 273 67 78
pos/00225.jpg 1 855 262 73 79
pos/00226.jpg 1 1149 226 80 64
pos/00228.jpg 1 935 295 66 65
pos/00229.jpg 1 1272 383 34 37
pos/00230.jpg 1 973 397 33 31
pos/00231.jpg 1 1144 362 42 40
pos/00234.jpg 1 1039 274 88 64
pos/00236.jpg 1 1073 273 134 134
pos/00237.jpg 1 819 361 40 34
pos/00238.jpg 1 848 445 34 28
pos/00239.jpg 1 792 438 19 22
pos/00240.jpg 1 844 361 41 36
pos/00241.jpg 1 837 400 49 45
pos/00243.jpg 1 845 446 26 27
pos/01b5557f-frame-2-6320.jpg 1 938 379 47 41
pos/039e330f-frame5325.jpg 1 691 387 41 29
pos/05a96aee-frame-2-17380.jpg 1 761 373 57 48
pos/064c7abf-frame860.jpg 1 627 374 38 40
pos/0844a5cc-frame6295.jpg 1 858 406 37 34
pos/132b5a6e-frame5335.jpg 1 736 372 51 41
pos/15683731-frame-2-9525.jpg 1 848 414 37 30
pos/15cd1472-frame-2-17395.jpg 1 1022 308 110 86
pos/19ee8a01-frame5350.jpg 1 863 342 65 57
pos/1bfaa22f-frame890.jpg 1 692 355 55 45
pos/2107f3d2-frame-2-9530.jpg 1 858 406 38 36
pos/215ec3d8-frame-2-18400.jpg 1 961 312 89 77
pos/235ee8d2-frame14045.jpg 1 851 386 41 34
pos/23d0ecfa-frame880.jpg 1 664 363 47 43
pos/256d5aa8-frame915.jpg 1 802 311 81 66
pos/280e7135-frame6305.jpg 1 953 393 51 42
pos/28ca5196-frame-2-20320.jpg 1 1044 310 97 88
pos/29a99c48-frame14050.jpg 1 891 383 37 32
pos/2a1305e0-frame-2-20395.jpg 1 719 360 50 46
pos/2ab8f610-frame-2-11660.jpg 1 994 360 79 68
pos/2b4f34db-frame14810.jpg 1 918 386 39 41
pos/2d26b331-frame-2-20405.jpg 1 815 326 72 67
pos/3037f44c-frame845.jpg 1 602 385 39 31
pos/30f88c42-frame-2-18380.jpg 1 724 374 52 37
pos/3341e537-frame-2-23015.jpg 1 846 364 74 66
pos/349b7802-frame-2-18405.jpg 1 1102 277 123 101
pos/36bd0007-frame11565.jpg 1 954 374 36 35
pos/37d3d354-frame-2-23010.jpg 1 779 375 69 59
pos/3867c48e-frame935.jpg 1 1023 223 120 107
pos/387182b6-frame14835.jpg 1 1193 354 69 51
pos/39f44cc3-frame865.jpg 1 630 372 49 41
pos/3c6ef33b-frame905.jpg 1 747 330 68 58
pos/3ce54293-frame6310.jpg 1 1023 383 59 49
pos/41c553b0-frame14820.jpg 1 995 375 52 44
pos/41ee1942-frame5330.jpg 1 715 378 43 36
pos/42250b09-frame-2-10075.jpg 1 784 358 57 49
pos/45187f58-frame14075.jpg 1 1214 335 64 59
pos/4d3fda57-frame-2-21880.jpg 1 1102 334 75 71
pos/4d6bf192-frame-2-9540.jpg 1 902 395 47 39
pos/4e05ec11-frame910.jpg 1 773 320 76 63
pos/4e596c8f-frame-2-23020.jpg 1 941 343 96 81
pos/5475a484-frame-2-23470.jpg 1 773 380 40 34
pos/5581d92a-frame14065.jpg 1 1036 356 51 48
pos/563b0252-frame-2-20285.jpg 1 642 404 42 32
pos/565975f9-frame-2-10080.jpg 1 848 332 66 66
pos/57f5b5f9-frame-2-13475.jpg 1 908 362 64 55
pos/5c2b7271-frame14805.jpg 1 884 386 36 40
pos/63b26d27-frame-2-6335.jpg 1 1093 345 70 62
pos/651b1042-frame-2-9520.jpg 1 844 418 31 27
pos/68b3bde4-frame-2-23480.jpg 1 866 361 53 48
pos/69029ee8-frame11560.jpg 1 930 377 33 31
pos/6fab396d-frame-2-17390.jpg 1 892 338 87 69
pos/7006f272-frame11575.jpg 1 1022 365 39 43
pos/73c5a665-frame-2-21875.jpg 1 978 357 67 59
pos/78ff6117-frame900.jpg 1 722 339 71 54
pos/7941418b-frame6300.jpg 1 901 399 42 39
pos/79d4fc9c-frame-2-23465.jpg 1 739 383 38 36
pos/7ac8a640-frame-2-6325.jpg 1 978 369 50 48
pos/7b977e14-frame11570.jpg 1 988 367 41 42
pos/7c46d9ff-frame-2-15920.jpg 1 672 360 40 39
pos/7cf2f5e5-frame14055.jpg 1 927 374 38 36
pos/844ecf36-frame5355.jpg 1 939 319 74 73
pos/84ec91b3-frame-2-21865.jpg 1 839 383 47 45
pos/8ed12bb5-frame925.jpg 1 890 272 90 87
pos/9067fed8-frame-2-17385.jpg 1 811 358 69 59
pos/921636c4-frame5345.jpg 1 810 354 57 52
pos/943e6796-frame-2-23495.jpg 1 1192 297 86 89
pos/9466e4dd-frame-2-15940.jpg 1 927 278 82 75
pos/950607b0-frame6290.jpg 1 821 411 36 33
pos/96982796-frame-2-18390.jpg 1 807 349 62 59
pos/99ae092d-frame-2-20315.jpg 1 915 338 78 73
pos/99e0fd2d-frame11580.jpg 1 1064 355 42 51
pos/9b2b60bc-frame11585.jpg 1 1117 357 44 44
pos/9cfde7d9-frame-2-11655.jpg 1 896 373 62 62
pos/9d39150f-frame-2-6340.jpg 1 1186 329 83 69
pos/9ec7d00c-frame920.jpg 1 843 294 83 80
pos/9f7045bb-frame-2-13460.jpg 1 752 383 48 46
pos/9fbf7ef7-frame-2-20310.jpg 1 831 360 62 58
pos/PIC-00336-_png_jpg.rf.ad2d64e342098678cac39adf0db80837.jpg 1 391 225 228 233
pos/PIC-00337-_png_jpg.rf.f375f064224fc747627b6e3ddf540c15.jpg 1 4 66 226 238
pos/PIC-00338-_png_jpg.rf.7e98ba2ce6e8a8e9dc9be210a453ebab.jpg 1 189 219 152 172
pos/PIC-00342-_png_jpg.rf.35836d33df057093ede2d1f6c17742b7.jpg 1 44 227 259 252
pos/SNAG-RADU-0034_png.rf.83bf549df29690ed273d1643a80e4db0.jpg 1 44 95 102 131
pos/SNAG-RADU-0035_png.rf.39e357471df2db6482bdf65e06c0c20d.jpg 1 409 203 84 126
pos/SNAG-RADU-0036_png.rf.5c8248db126eb40e6349cd85a5483690.jpg 1 293 225 95 129
pos/SNAG-RADU-0037_png.rf.9c6afe5a2f87ad30a5db957704eec03b.jpg 1 79 281 143 207
pos/SNAG-RADU-0065_png.rf.146823d7cbbff234bdf218c8e48a08d0.jpg 1 374 301 97 99
pos/SNAG-RADU-0066_png.rf.c6dd2e08a48519f186c29c2ba1482685.jpg 1 246 243 197 190
pos/SNAG-RADU-0084_png.rf.a3b194020ed21d8fe544cc94662b7d5f.jpg 1 61 153 219 272
pos/SNAG-RADU-0101_png.rf.e8bdb2f02700637bada11df3e821ae25.jpg 1 450 199 117 113
pos/SNAG-RADU-0102_png.rf.475f479b093408c6171824593955081f.jpg 1 256 322 201 199
pos/SNAG-RADU-0111_png.rf.b7a79bcdf8b7412c2c6db7cb2d44da9f.jpg 1 170 224 67 80
pos/SNAG-RADU-0112_png.rf.70115a5f2adccdb2463952dc0a2696fb.jpg 1 236 223 188 213
pos/SNAG-RADU-0117_png.rf.e96fe33e2ab39562413dd4225e46daf6.jpg 1 101 308 84 98
pos/SNAG-RADU-0118_png.rf.597a06e02b35156407b587f3addd8669.jpg 1 244 195 142 152
pos/SNAG-RADU-0126_png.rf.4d11712f082913eb86a1861ad6ea5744.jpg 1 374 235 112 142
pos/SNAG-RADU-0127_png.rf.a68904fca8d1d6e891696b118888d158.jpg 1 83 174 120 143
pos/SNAG-RADU-0188_png.rf.ce35ce60d216204115c708c9fd569297.jpg 1 468 259 87 88
pos/SNAG-RADU-0189_png.rf.9ab2f5cc75a6520e680c79f1e6ea2d17.jpg 1 491 287 72 58
pos/SNAG-RADU-0193_png.rf.3825ad70fa68d30765ebe2be3f05a4df.jpg 1 126 325 187 168
pos/SNAG-RADU-0194_png.rf.79e81288e431eed19bebcf3c3e51e77a.jpg 1 322 325 174 174
pos/SNAG-RADU-0229_png.rf.0cf7a512ffa67ebc7770a082b0bb130e.jpg 1 278 245 89 82
pos/SNAG-RADU-0231_png.rf.a27bee68f98f1d8b64b11f096fdb74d9.jpg 1 280 262 131 134
pos/SNAG-RADU-0242_png.rf.d607552ac031995f377f7b00f71fd540.jpg 1 450 303 100 90
pos/SNAG-RADU-0243_png.rf.21bc5106d60e92ce0574dd1a8c77e187.jpg 1 179 238 99 88
pos/SNAG-RADU-0249_png.rf.a47c7ccd0518ffab1b99beb305997854.jpg 1 458 299 106 103
pos/SNAG-RADU-0252_png.rf.0c715923f1c31b666bafce812dd292eb.jpg 1 425 153 114 148
pos/SNAG-RADU-0253_png.rf.69a056a7d646f8780f86fd8002a846b7.jpg 1 438 197 137 108
pos/SNAG-RADU-0256_png.rf.78fba92805e6a3fe74598ad22aa4e6e0.jpg 1 491 316 81 90
pos/SNAG-RADU-0259_png.rf.807f5e371bec7218e58d6a8117981c0a.jpg 2 159 182 111 157 302 351 60 75
pos/SNAG-RADU-0260_png.rf.ddbff24d59ab742948edc09321efe50a.jpg 1 275 238 70 72
pos/SNAG-RADU-0264_png.rf.f4e4c3a2d16112130cee2715562a5a19.jpg 1 176 406 109 109
pos/SNAG-RADU-0265_png.rf.15d2f0fe6fcaf2a31cc3f83bb9b63f6b.jpg 1 492 292 106 113
pos/SNAG2-RADU-0032_png.rf.5148ed26475952756127013e774e0bea.jpg 1 191 130 136 146
pos/SNAG2-RADU-0034_png.rf.a3b8ef67c36a635421edd581659394d7.jpg 1 369 132 181 229
pos/SNAG2-RADU-0036_png.rf.6aec6264c65a76f8b2b197703ecd1cb9.jpg 1 208 149 202 201
pos/SNAG2-RADU-0037_png.rf.133ff4b4f0d1fc2cec60ecae317c80f9.jpg 1 316 273 83 121
pos/SNAG2-RADU-0090_png.rf.dd77024fc2c4f67d9d6eb2f3c9a56c71.jpg 1 360 156 167 159
pos/SNAG2-RADU-0118_png.rf.ef2dc5686a49d8105b90d842d76784af.jpg 1 86 145 102 100
pos/SNAG2-RADU-0120_png.rf.b81491aaa22c0ec4a3577bb7b134976c.jpg 1 69 59 318 308
pos/SNAG2-RADU-0158_png.rf.9f4e90734dc66775ac7375a885c4d066.jpg 1 414 305 73 91
pos/SNAG2-RADU-0160_png.rf.8f1b374ef7e1cf9c2dd85fb45206f73b.jpg 1 23 210 216 220
pos/SNAG2-RADU-0163_png.rf.2a7b14245e8f5a46ef7fe28dcf60c45c.jpg 1 178 241 96 128
pos/SNAG3-RADU-0079_png.rf.19872eaf72d89cddc7799957cd17c8ac.jpg 1 243 138 106 121
pos/SNAG3-RADU-0107_png.rf.8c7e3c0e207a154de197db5e09197dd5.jpg 1 130 51 122 152
pos/SNAG3-RADU-0300_png.rf.7cedbb5fa17d84f7a4e61c405f11e01c.jpg 1 36 223 60 58
pos/SNAG3-RADU-0302_png.rf.ea8d8a9b60ba76d6300d669cf697ad72.jpg 1 127 226 110 109
pos/SNAG9-RADU-0062_png.rf.7eda9143f58bd4e857d8109ce0c2ef8a.jpg 1 290 291 143 151
pos/SNAG9-RADU-0173_png.rf.1905e99b3d00521a6607ed3287108684.jpg 1 156 81 133 150
pos/SNAG9-RADU-0267_png.rf.6014fcfc924e5018f220725c8c3e5c99.jpg 1 349 311 72 85
pos/SNAG9-RADU-0269_png.rf.1d883aff84a48b740888295597ce26d5.jpg 1 158 194 68 65
pos/SNAG9-RADU-0270_png.rf.4acb323f3a71993a3fe0e10dc47c6c24.jpg 1 387 209 52 52
pos/SNAG9-RADU-0271_png.rf.4e005fc71f1c65d36e1676a108992dd3.jpg 1 105 233 55 55
pos/SNAG9-RADU-0273_png.rf.b4c19a9159cdc3981c5fdfef934f3b0f.jpg 1 345 248 102 106
pos/SNAG9-RADU-0275_png.rf.c98dac8080b8ffe977bc84bb1f953efa.jpg 1 299 211 78 86
pos/SNAG9-RADU-0301_png.rf.d0b82b9cb90acaf483dbe6233be5cb6c.jpg 1 325 221 54 71
pos/SNAG9-RADU-0302_png.rf.c7be2389708c512557bcc82b73fea2c7.jpg 1 371 168 82 99
pos/SNAG9-RADU-0303_png.rf.0a177bf2648dddd2b83bf549fa102db4.jpg 1 6 228 166 172
pos/a01a2dde-frame-2-20400.jpg 1 763 345 54 60
pos/a2544ca1-frame-2-9515.jpg 1 845 417 29 31
pos/a6bf58d6-frame5320.jpg 1 681 387 30 31
pos/a8a2a128-frame5360.jpg 1 1056 296 100 87
pos/a9d8dd99-frame-2-20290.jpg 1 670 398 37 35
pos/af6b3c17-frame-2-13480.jpg 1 1000 340 76 72
pos/b2404407-frame14060.jpg 1 974 367 43 39
pos/b270d624-frame-2-11650.jpg 1 823 383 56 55
pos/b6ec2de3-frame-2-6330.jpg 1 1029 359 58 54
pos/b833e2d2-frame-2-23475.jpg 1 815 366 46 49
pos/ba17dc40-frame6315.jpg 1 1121 369 64 58
pos/bdb54574-frame-2-20410.jpg 1 907 292 88 89
pos/c7d464cf-frame5340.jpg 1 768 362 56 48
pos/ca7a4415-frame-2-18375.jpg 1 701 375 40 41
pos/cdcd8034-frame855.jpg 1 621 379 35 34
pos/cec6f4ac-frame-2-15925.jpg 1 718 348 46 48
pos/d0b9cf54-frame-2-21860.jpg 1 791 391 39 41
pos/d23bfe05-frame-2-23025.jpg 1 1091 310 125 109
pos/d35db7b3-frame-2-9535.jpg 1 874 398 40 43
pos/d3c04469-frame850.jpg 1 609 384 36 36
pos/d4b5d1dc-frame-2-18395.jpg 1 869 330 68 69
pos/d8b70080-frame-2-16650.jpg 1 796 305 54 52
pos/d8d8b019-frame-2-10060.jpg 1 678 391 36 38
pos/e006ee88-frame-2-13485.jpg 1 1135 313 105 94
pos/e2c52293-frame-2-23005.jpg 1 736 387 54 50
pos/e322b013-frame-2-10090.jpg 1 1091 266 90 98
pos/e37c8232-frame-2-10070.jpg 1 741 370 47 49
pos/e581e373-frame-2-16655.jpg 1 849 286 66 58
pos/e9d56e6f-frame14825.jpg 1 1048 367 55 52
pos/ec5a8f78-frame-2-21855.jpg 1 756 396 37 39
pos/ed2129fb-frame-2-13455.jpg 1 718 385 40 38
pos/ed7091a1-frame14830.jpg 1 1117 358 54 57
pos/ee35049d-frame-2-13465.jpg 1 791 375 46 50
pos/ef355fc3-frame-2-17370.jpg 1 691 386 41 38
pos/f0e22d1e-frame-2-15945.jpg 1 1067 230 93 93
pos/f3d4f687-frame-2-13470.jpg 1 843 370 59 50
pos/f7c5434c-frame940.jpg 1 1133 171 144 134
pos/road106.png 1 96 145 77 89
pos/road112.png 1 135 12 142 145
pos/road115.png 1 132 53 120 112
pos/road118.png 1 181 15 210 216
pos/road119.png 1 221 26 118 121
pos/road120.png 1 42 13 196 218
pos/road246.png 1 149 164 40 39
pos/road270.png 1 89 117 54 61
pos/road272.png 1 117 170 44 49
pos/road275.png 1 97 128 68 70
pos/road278.png 1 103 157 51 47
pos/road283.png 1 181 210 66 79
pos/road289.png 1 56 132 104 102
pos/road293.png 1 94 241 65 70
pos/road296.png 1 57 209 67 71
pos/road302.png 1 151 136 35 34
pos/road303.png 1 41 43 157 160
pos/road306.png 1 58 89 103 115
pos/road354.png 1 75 101 103 103
pos/road356.png 1 103 56 123 120
pos/road358.png 1 91 192 38 40
pos/road364.png 1 84 163 80 80
pos/road365.png 1 98 151 68 66
pos/road371.png 1 66 212 90 92
pos/road374.png 1 82 127 74 77
pos/road376.png 1 36 189 104 107
pos/road379.png 1 168 143 51 39
pos/road380.png 1 101 2 80 93
pos/road385.png 1 98 142 57 58
pos/road386.png 1 125 152 78 65
pos/road392.png 1 145 201 34 36
pos/road393.png 1 144 252 38 39
pos/road394.png 1 164 185 45 42
pos/road395.png 1 156 193 57 55
pos/road396.png 1 99 188 63 68
pos/road397.png 1 124 42 101 113
pos/road398.png 1 167 228 42 41
pos/road399.png 1 91 170 45 45
pos/road400.png 1 162 196 56 56
pos/road401.png 1 160 184 62 65
pos/road405.png 1 147 258 29 34
pos/road406.png 1 109 228 34 36
pos/road407.png 1 165 218 18 15
pos/road408.png 1 141 168 27 22
pos/road409.png 1 127 145 30 27
pos/road410.png 1 141 109 38 40
pos/road411.png 1 116 77 48 45
pos/road412.png 1 156 186 34 35
pos/road413.png 1 143 178 39 49
pos/road414.png 1 164 217 49 59
pos/road415.png 1 145 197 80 74
pos/road416.png 1 61 92 89 99
pos/road460.png 1 89 121 89 80
pos/road461.png 1 92 177 95 89
pos/road462.png 1 87 110 94 95
pos/road463.png 1 93 62 98 97
pos/road464.png 1 111 125 58 59
pos/road465.png 1 76 101 77 74
pos/road466.png 1 56 49 101 98
pos/road467.png 1 145 169 28 26
pos/road468.png 1 147 211 48 48
pos/road469.png 1 125 175 54 64
pos/road470.png 1 63 185 68 69
pos/road471.png 1 43 146 90 98
pos/road472.png 1 0 197 105 114
pos/road473.png 1 86 102 160 164
pos/road474.png 1 146 170 45 48
pos/road475.png 1 47 149 58 55
pos/road476.png 1 68 156 64 70
pos/road477.png 1 76 142 76 77
pos/road478.png 1 107 68 100 97
pos/road479.png 1 27 41 119 113
pos/road480.png 1 81 26 145 147
pos/road481.png 1 84 222 68 68
pos/road482.png 1 102 160 69 78
pos/road483.png 1 7 177 93 91
pos/road484.png 1 47 112 122 122
pos/road485.png 1 41 117 147 149
pos/road486.png 1 122 173 30 27
pos/road487.png 1 153 152 38 37
pos/road488.png 1 177 122 48 43
pos/road489.png 1 128 136 51 55
pos/road490.png 1 134 119 51 57
pos/road491.png 1 135 125 72 76
pos/road492.png 1 108 126 79 86
pos/road493.png 1 70 88 106 109
pos/road494.png 1 82 92 130 136
pos/road496.png 1 45 161 30 43
pos/road497.png 1 98 157 34 46
pos/road498.png 1 82 125 38 50
pos/road499.png 1 157 160 59 84
pos/road500.png 1 137 167 68 96
pos/road501.png 1 66 133 80 103
pos/road502.png 1 218 67 81 113
pos/road503.png 1 104 191 47 53
pos/road504.png 1 85 223 63 62
pos/road505.png 1 85 225 72 66
pos/road506.png 1 52 229 86 84
pos/road507.png 1 56 153 98 97
pos/road508.png 1 51 119 121 127
pos/road509.png 1 127 157 42 50
pos/road510.png 1 85 190 51 58
pos/road511.png 1 107 150 68 70
pos/road512.png 1 139 170 29 26
pos/road513.png 1 157 155 31 37
pos/road514.png 1 175 142 33 38
pos/road515.png 1 176 126 40 41
pos/road516.png 1 76 126 96 87
pos/road517.png 1 108 129 101 100
pos/road518.png 1 153 162 34 30
pos/road519.png 1 156 168 39 37
pos/road52.png 1 38 164 220 213
pos/road520.png 1 158 138 61 54
pos/road521.png 1 168 145 67 59
pos/road522.png 1 123 166 39 39
pos/road523.png 1 96 166 44 44
pos/road524.png 1 108 186 52 52
pos/road525.png 1 92 183 52 52
pos/road526.png 1 136 163 59 56
pos/road527.png 1 97 173 60 60
pos/road528.png 1 82 184 56 66
pos/road529.png 1 160 147 97 102
pos/road53.png 1 5 106 146 149
pos/road55.png 1 108 81 101 102
pos/road56.png 1 83 81 142 139
pos/road588.png 1 90 199 31 32
pos/road589.png 1 98 165 38 41
pos/road590.png 1 62 172 47 50
pos/road591.png 1 7 197 51 53
pos/road592.png 1 37 130 76 69
pos/road593.png 1 70 62 87 82
pos/road594.png 1 157 4 120 106
pos/road595.png 1 121 148 37 36
pos/road596.png 1 132 132 40 43
pos/road597.png 1 96 128 50 52
pos/road598.png 1 87 118 71 66
pos/road599.png 1 94 42 114 120
pos/road62.png 1 121 105 98 107
pos/road65.png 1 69 114 146 142
pos/road66.png 1 94 16 224 220
pos/road67.png 1 106 57 162 163
pos/road68.png 1 28 21 247 236
pos/road69.png 1 72 52 253 219
pos/road696.png 2 137 215 33 30 136 252 30 32
pos/road697.png 2 99 213 37 37 102 165 36 34
pos/road698.png 2 79 133 45 47 80 197 47 42
pos/road699.png 2 128 226 52 55 124 151 57 55
pos/road70.png 1 141 62 156 125
pos/road700.png 2 108 147 72 73 110 240 63 71
pos/road701.png 2 228 114 71 77 229 227 69 79
pos/road702.png 2 126 210 37 32 124 165 39 31
pos/road703.png 2 211 125 44 52 213 202 49 52
pos/road704.png 2 138 217 37 33 142 260 31 36
pos/road705.png 1 90 153 38 37
pos/road706.png 2 135 90 45 47 132 154 49 52
pos/road707.png 2 100 171 69 68 99 83 67 63
pos/road708.png 2 117 128 76 97 119 246 81 93
pos/road709.png 2 131 222 30 31 133 187 28 29
pos/road71.png 1 47 44 164 171
pos/road710.png 2 128 179 41 40 130 129 38 36
pos/road711.png 2 76 149 43 39 79 203 39 43
pos/road712.png 2 93 200 51 50 92 137 49 47
pos/road713.png 2 98 126 54 63 99 212 52 48
pos/road714.png 2 60 164 73 76 61 266 67 73
pos/road715.png 2 77 126 93 97 81 3 86 85
pos/road72.png 1 262 153 134 118
pos/road73.png 1 163 23 199 201
pos/road74.png 1 202 15 157 150
pos/road75.png 1 226 55 107 113
pos/road76.png 1 17 84 159 155
pos/road77.png 1 165 15 219 225
pos/road78.png 1 68 32 95 88
pos/road79.png 1 73 19 252 230
pos/road822.png 1 96 71 82 75
pos/road823.png 1 99 41 104 100
pos/road824.png 1 92 7 121 123
pos/road825.png 1 117 97 68 64
pos/road83.png 1 180 164 53 58
pos/road84.png 1 94 82 81 74
pos/road85.png 1 75 138 165 159
pos/road86.png 1 137 79 127 115
pos/road87.png 1 137 69 128 130
pos/road88.png 1 106 141 80 81
pos/road89.png 1 245 33 59 67
pos/road90.png 1 164 86 90 91
pos/road91.png 1 153 242 108 123
pos/road92.png 1 114 23 161 200
pos/road93.png 1 173 20 190 188
pos/road94.png 1 90 56 232 197
pos/road96.png 1 205 49 126 138
pos/road97.png 1 35 59 102 101
pos/road98.png 1 133 8 254 233
pos/road99.png 1 34 30 198 191
pos/sample_001.png 2 184 34 32 33 613 55 33 27
pos/sample_002.png 2 594 206 52 51 4 242 47 41
pos/sample_003.png 1 374 281 48 39
pos/sample_005.png 1 377 247 24 26
pos/sample_006.png 1 474 131 48 44
pos/sample_007.png 1 428 16 34 28
pos/sample_009.png 1 481 11 54 49
pos/sample_011.png 1 597 221 66 64
pos/sample_012.png 1 305 276 40 37
pos/sample_015.png 1 491 185 72 79
pos/sample_021.png 1 559 234 70 73
pos/sample_023.png 1 485 228 47 44
pos/sample_024.png 1 520 137 52 44
pos/sample_025.png 1 598 167 54 50
pos/sample_027.png 1 398 173 38 34
pos/sample_032.png 1 184 292 33 32
pos/sample_033.png 1 509 95 69 63
pos/sample_035.png 1 636 280 39 37
pos/sample_036.png 1 476 257 55 56
pos/sample_039.png 1 464 258 58 56
pos/sample_041.png 1 479 115 80 72
pos/sample_043.png 1 483 159 41 36
pos/sample_046.png 1 45 36 63 47
pos/sample_047.png 1 549 114 116 106
pos/sample_048.png 1 452 22 45 41
pos/sample_056.png 1 275 285 44 35
pos/sample_057.png 1 467 271 43 35
pos/sample_058.png 1 632 195 45 58
pos/sample_061.png 1 131 41 29 34
pos/sample_063.png 1 422 259 53 51
pos/sample_064.png 2 377 197 38 36 36 177 34 43
pos/sample_065.png 1 518 139 63 49
pos/sample_069.png 1 176 292 28 32
pos/sample_072.png 1 489 255 45 46
pos/sample_077.png 1 603 160 52 51
pos/sample_078.png 1 533 232 49 46
pos/sample_079.png 1 584 195 70 60
pos/sample_080.png 1 476 155 38 41
pos/sample_082.png 1 213 195 31 34
pos/sample_083.png 1 625 132 71 64
pos/sample_084.png 1 73 19 49 44
pos/sample_085.png 2 552 219 46 42 11 250 44 42
pos/sample_087.png 1 627 156 55 53
pos/sample_088.png 1 336 226 52 50
pos/sample_089.png 2 397 264 37 31 19 279 38 37
pos/sample_090.png 1 587 167 51 45
pos/sample_091.png 1 367 213 26 25
pos/sample_092.png 1 573 212 50 48
pos/sample_093.png 1 479 238 49 51
pos/sample_096.png 1 521 175 47 42
pos/sample_097.png 1 525 254 49 39
pos/sample_098.png 1 491 227 59 55
pos/sample_099.png 1 423 244 38 31
pos/sample_100.png 1 418 248 46 42
pos/sample_105.png 1 599 197 40 48
pos/sample_106.png 1 394 264 29 35
pos/sample_107.png 1 560 212 77 69
pos/sample_108.png 1 575 192 38 41
pos/sample_109.png 1 585 100 67 65
pos/sample_110.png 1 380 177 38 36
pos/sample_111.png 1 568 4 70 63
pos/sample_112.png 1 262 186 44 36
pos/sample_113.png 1 607 44 91 87
pos/sample_114.png 1 537 127 51 51
pos/sample_115.png 1 564 110 68 60
pos/sample_117.png 1 512 175 50 48
pos/sample_119.png 2 357 209 28 29 104 198 33 29
pos/sample_120.png 1 289 247 57 45
pos/sample_121.png 1 515 182 41 37
pos/sample_122.png 1 388 211 61 64
pos/sample_123.png 1 623 179 72 69
pos/sample_139.png 1 403 191 25 29
pos/sample_141.png 1 526 115 72 88
pos/sample_142.png 1 631 207 66 75
pos/sample_145.png 1 223 206 30 32
pos/sample_146.png 1 598 31 41 37
pos/sample_147.png 1 578 147 57 52
pos/sample_148.png 1 392 262 42 33
pos/sample_150.png 1 535 158 42 44
pos/sample_151.png 1 396 189 31 31
pos/sample_155.png 1 396 191 23 28
pos/sample_157.png 1 413 213 25 25
pos/sample_158.png 1 545 212 64 61
pos/sample_162.png 1 473 168 58 63
pos/sample_164.png 1 565 144 56 58
pos/sample_165.png 1 512 12 59 57
pos/sample_166.png 2 386 201 30 33 119 186 33 31
pos/sample_167.png 1 373 209 35 38
pos/sample_168.png 1 461 1 40 41
pos/sample_169.png 1 506 196 44 40
pos/sample_170.png 1 641 198 50 51
pos/sample_171.png 1 420 182 42 43
pos/sample_175.png 1 599 164 76 80
pos/sample_176.png 1 439 221 23 27
pos/sample_177.png 1 578 173 53 48
pos/sample_181.png 1 221 285 41 39
pos/sample_183.png 1 647 2 49 46
pos/sample_185.png 1 581 31 44 44
pos/sample_187.png 1 377 285 37 30
pos/sample_190.png 1 485 143 54 58